13.9972144846797 
13.9973958333333 
13.9975551222490 
13.9975988240000 
13.9976958525346 
14.0000000000000 
14.1000000000000 
14.1111111111111 
14.1114982578397 
14.1117478512900 
14.1119221411192 
14.1129322586500 
14.1139245632900 
14.1141141141141 
14.1142944785280 
14.1143911439114 
14.1148325358852 
14.1151685393258 
14.1156462585340 
14.1162796976700 
14.1163793134480 
14.1167192429220 
14.1169154228856 
14.1169498687400 
14.1172576112000 
14.1176475882350 
14.1179941295000 
14.1182474226800 
14.1184573275500 
14.1187535971200 
14.1191798445600 
14.1196132893700 
14.1198449780000 
14.1213389121339 
14.1213746397690 
14.1216216216216 
14.1221374458200 
14.1225961538462 
14.1228717543900 
14.1233766233766 
14.1234567912300 
14.1236833713000 
14.1237373740000 
14.1238676948640 
14.1242937853170 
14.1246684351330 
14.1250000000000 
14.1252955827420 
14.1255653811660 
14.1256412564100 
14.1261626162600 
14.1263945244600 
14.1267123287671 
14.1269841269841 
14.1272189349112 
14.1273885353200 
14.1274238227147 
14.1276416666670 
14.1277641277641 
14.1279697674420 
14.1282776349600 
14.1296774193500 
14.1315789473680 
14.1331658291457 
14.1331662778400 
14.1333333333333 
14.1335227272727 
14.1337386182370 
14.1339869281460 
14.1342756183746 
14.1343478268700 
14.1345291479820 
14.1346153846154 
14.1346276120000 
14.1352197464000 
14.1355141869160 
14.1358246913580 
14.1361256544530 
14.1364925696400 
14.1369476194800 
14.1373819169330 
14.1379313448280 
14.1383495145631 
14.1384834498000 
14.1385767792620 
14.1388174871980 
14.1393442622951 
14.1399416996210 
14.1411622276300 
14.1414141414141 
14.1423357664234 
14.1425178147270 
14.1427149321270 
14.1427874866300 
14.1428571428571 
14.1429115281500 
14.1431924882629 
14.1434262948270 
14.1437388685200 
14.1439259553350 
14.1447368421530 
14.1447761194300 
14.1454965357968 
14.1456582633530 
14.1459747339600 
14.1462500000000 
14.1463414634146 
14.1467658682630 
14.1472868217540 
14.1472972972970 
14.1477272727273 
14.1479996784570 
14.1481145584730 
14.1483516483516 
14.1484574230000 
14.1486815515590 
14.1489361721280 
14.1493555555560 
14.1495611732100 
14.1497461928934 
14.1515151515150 
14.1521197748100 
14.1522988557470 
14.1525423728814 
14.1528925619835 
14.1531322558000 
14.1534391534392 
14.1538461538462 
14.1544117647590 
14.1549295774648 
14.1552511415525 
14.1554587156000 
14.1556291397280 
14.1558365758800 
14.1558441558442 
14.1566265624100 
14.1574585635359 
14.1577693190000 
14.1579345881600 
14.1581632653610 
14.1585765177990 
14.1587677725118 
14.1592923539820 
14.1594339622640 
14.1598915989160 
14.1613924563300 
14.1614525139660 
14.1615625000000 
14.1617256738500 
14.1618366362000 
14.1618497198270 
14.1622344255320 
14.1625615763547 
14.1628443669720 
14.1634989885930 
14.1638225255973 
14.1639128755400 
14.1639344262300 
14.1641256300000 
14.1643594985000 
14.1644986161880 
14.1646489141160 
14.1648668736500 
14.1658372130000 
14.1666666666667 
14.1671149400000 
14.1673641673600 
14.1683916839200 
14.1686182669789 
14.1687657437300 
14.1689373297300 
14.1691394658754 
14.1693811749190 
14.1696759252700 
14.1697569760000 
14.1699291262100 
14.1711229946524 
14.1714285714290 
14.1715116279700 
14.1719745222930 
14.1723356970000 
14.1725352112676 
14.1727493917275 
14.1732283464567 
14.1734144624000 
14.1737891737892 
14.1741714285710 
14.1744548286640 
14.1744858300000 
14.1746411483254 
14.1752577319588 
14.1756912442400 
14.1759776536313 
14.1761154855640 
14.1762452172800 
14.1764758823530 
14.1768292682927 
14.1772151898734 
14.1774891774892 
14.1778523489933 
14.1779279279000 
14.1782474747000 
14.1785714285710 
14.1788219178800 
14.1788381742740 
14.1791447761190 
14.1799544419134 
14.1812865497760 
14.1817438692100 
14.1817526881700 
14.1818181818182 
14.1818713452900 
14.1825847493400 
14.1826923769230 
14.1832786885250 
14.1833818882520 
14.1835214446950 
14.1836734693878 
14.1839378238342 
14.1843971631260 
14.1849529785640 
14.1853932584270 
14.1857563613230 
14.1864651162790 
14.1865793657900 
14.1867226897600 
14.1868512117270 
14.1869158878500 
14.1871165644172 
14.1873278236915 
14.1875000000000 
14.1876432595000 
14.1887855297200 
14.1891891891000 
14.1891891891892 
14.1892995354500 
14.1911764758820 
14.1914191419142 
14.1917293233830 
14.1921397379913 
14.1923994988120 
14.1927833333330 
14.1933716574600 
14.1935483879680 
14.1938357348700 
14.1939252336449 
14.1941391941392 
14.1943734153450 
14.1949152542373 
14.1954229885600 
14.1955835962145 
14.1958941959000 
14.1959798994975 
14.1964285714286 
14.1966759277000 
14.1967843137300 
14.1975386419750 
14.1982125638600 
14.1983695652174 
14.1984848484850 
14.1985111662530 
14.1985221674900 
14.1986627177700 
14.1989198900000 
14.1992912621360 
14.1993957739270 
14.1998143236700 
14.2000000000000 
14.2111368995130 
14.2113952389500 
14.2116182572614 
14.2116421164000 
14.2118343195270 
14.2118863499600 
14.2123287671233 
14.2128279883382 
14.2131979695431 
14.2137967741940 
14.2142857142857 
14.2144638439900 
14.2144682274250 
14.2147971363800 
14.2152631578950 
14.2156862745980 
14.2157686283000 
14.2168674698795 
14.2172523961661 
14.2173296733000 
14.2173913434800 
14.2175572519840 
14.2183288497400 
14.2187500000000 
14.2187793427230 
14.2189478673000 
14.2191142191142 
14.2193385518600 
14.2195767195767 
14.2211449275360 
14.2214221422000 
14.2215568862275 
14.2218348623850 
14.2219387755120 
14.2222222222222 
14.2226148498940 
14.2228739293300 
14.2233463352000 
14.2235764411300 
14.2241379313450 
14.2243589743590 
14.2251815986300 
14.2253521126761 
14.2255892255892 
14.2259414225941 
14.2261947619500 
14.2265193371660 
14.2265787390000 
14.2266288951840 
14.2267573696100 
14.2269736842150 
14.2271662763466 
14.2272727300000 
14.2276422764228 
14.2277922779200 
14.2281159978300 
14.2282958199357 
14.2284263959390 
14.2287234425530 
14.2289855724600 
14.2292491185770 
14.2295597484277 
14.2297651354800 
14.2298855747100 
14.2317383526450 
14.2319277184340 
14.2322973782770 
14.2323325635100 
14.2326732673267 
14.2333834882600 
14.2335766423358 
14.2341446242800 
14.2344497676550 
14.2348754448399 
14.2351274787535 
14.2352941176471 
14.2361111111111 
14.2369251139000 
14.2372881355932 
14.2375722784000 
14.2376681614350 
14.2376923769200 
14.2379679144385 
14.2384159626500 
14.2384832949000 
14.2388451443570 
14.2391343478260 
14.2394822647200 
14.2396972164950 
14.2412935323383 
14.2414866811150 
14.2418327868850 
14.2424242424242 
14.2425378973110 
14.2427884615385 
14.2432788844620 
14.2433234421365 
14.2434988179669 
14.2438461538000 
14.2439243924000 
14.2441864651160 
14.2448512585812 
14.2451424514200 
14.2452831886790 
14.2454545454550 
14.2456329113900 
14.2458155865900 
14.2463235294118 
14.2465753424658 
14.2473118279570 
14.2477326969000 
14.2482118179400 
14.2482517482517 
14.2487466321240 
14.2491467576792 
14.2493638676845 
14.2500000000000 
14.2512772946860 
14.2515923566879 
14.2517814726841 
14.2523364485981 
14.2528735632184 
14.2533936651584 
14.2534878487800 
14.2537313432836 
14.2543859649123 
14.2551432664760 
14.2553191489362 
14.2556179775281 
14.2557544757000 
14.2561425614200 
14.2561983471740 
14.2567567567568 
14.2572811244980 
14.2572944297820 
14.2578125000000 
14.2581433224760 
14.2582159624410 
14.2583122464000 
14.2585551337980 
14.2587939698492 
14.2592592592593 
14.2595533498760 
14.2597425974000 
14.2597873786410 
14.2599277978339 
14.2611683848797 
14.2612813374700 
14.2614319897000 
14.2616279697700 
14.2617449664430 
14.2622958196720 
14.2628251282500 
14.2633228841250 
14.2634926349200 
14.2638368981600 
14.2642642640000 
14.2642642642643 
14.2647588235290 
14.2651296829971 
14.2655367231638 
14.2656338281700 
14.2659279778393 
14.2663434782610 
14.2664266427000 
14.2666666666667 
14.2671576863000 
14.2671755725190 
14.2673521859000 
14.2676767676768 
14.2679974441700 
14.2682721880000 
14.2682926829268 
14.2685851318945 
14.2688679245283 
14.2691415313225 
14.2694639269410 
14.2696997695300 
14.2699115442480 
14.2712556728700 
14.2714932126700 
14.2716535433710 
14.2723651341000 
14.2723885971500 
14.2727272727273 
14.2731773177000 
14.2732244372000 
14.2733564138410 
14.2734964539100 
14.2736486486486 
14.2738626694400 
14.2739273927393 
14.2741935483871 
14.2743142144640 
14.2744479495268 
14.2746913582470 
14.2748458149800 
14.2749244712991 
14.2751479289941 
14.2753623188460 
14.2755681818182 
14.2757661671310 
14.2759562841530 
14.2761394118770 
14.2763157894737 
14.2764857881137 
14.2765273224000 
14.2766497461929 
14.2768798499000 
14.2769678431370 
14.2771513353100 
14.2771843373490 
14.2772511848341 
14.2773892773893 
14.2775229357798 
14.2777777777780 
14.2783333333330 
14.2821316614420 
14.2857142857143 
14.2863393525200 
14.2874534161500 
14.2877697841730 
14.2911528151300 
14.2925531914890 
14.2932551319600 
14.2939814814815 
14.2941176475880 
14.2941794170000 
14.2942583732570 
14.2944389294400 
14.2945544554455 
14.2947132745590 
14.2948717948718 
14.2952127659574 
14.2953586497890 
14.2953916449900 
14.2953929539295 
14.2955811497200 
14.2957746478873 
14.2959771149430 
14.2961876832845 
14.2964718562870 
14.2966368562690 
14.2968750000000 
14.2971246639000 
14.2972644376900 
14.2973856291500 
14.2976588628763 
14.2979452547950 
14.2982456143510 
14.2985611517910 
14.2985746268700 
14.2988929889299 
14.2992424242424 
14.2995663774000 
14.2996189494160 
14.3000000000000 
14.3111638954869 
14.3115942289860 
14.3122676579926 
14.3123931239300 
14.3125000000000 
14.3129779923660 
14.3131436681000 
14.3133931339000 
14.3134482758620 
14.3134715259700 
14.3137254919610 
14.3139841688654 
14.3145161293230 
14.3153526979540 
14.3156424581600 
14.3156849315700 
14.3162393162393 
14.3162553359700 
14.3164556962000 
14.3168646511630 
14.3171861674100 
14.3174766355140 
14.3175741839760 
14.3181818180000 
14.3181818181818 
14.3186274598000 
14.3187669745960 
14.3188854489164 
14.3192488262911 
14.3195463642000 
14.3196225316460 
14.3198969212400 
14.3211925298100 
14.3216842100000 
14.3222563938620 
14.3223389835100 
14.3225864516100 
14.3229166666667 
14.3232558139530 
14.3236742755700 
14.3238434163710 
14.3238834951460 
14.3239468820000 
14.3243243243243 
14.3248175182482 
14.3256887523400 
14.3258426966292 
14.3259496567500 
14.3264728132000 
14.3266475644699 
14.3269237692310 
14.3269754768390 
14.3271461716937 
14.3274853811700 
14.3278318867920 
14.3283582895520 
14.3285371726380 
14.3286324116700 
14.3288461538460 
14.3292682926829 
14.3298765432100 
14.3312119182800 
14.3316195372751 
14.3317848417600 
14.3318867924500 
14.3318965517241 
14.3321868535800 
14.3322475573300 
14.3324673298430 
14.3324813895800 
14.3333333333333 
14.3342391343480 
14.3344798976110 
14.3345724976000 
14.3348258764700 
14.3348623853211 
14.3351855417000 
14.3354393354400 
14.3356643356643 
14.3361581929400 
14.3364928999530 
14.3369175627240 
14.3371757925720 
14.3373493975940 
14.3374233128830 
14.3379746835440 
14.3382352941176 
14.3388888100000 
14.3391521197700 
14.3393393393393 
14.3394255874670 
14.3396226415940 
14.3411522633700 
14.3411522842600 
14.3412371134200 
14.3416927899687 
14.3418527131780 
14.3421526315790 
14.3426294827170 
14.3429487179487 
14.3431635388740 
14.3433179723520 
14.3436426116800 
14.3442622958200 
14.3446194225720 
14.3449797546000 
14.3452389523810 
14.3454389972140 
14.3456375838926 
14.3459915611814 
14.3462469733656 
14.3465999990000 
14.3472964394100 
14.3477937870000 
14.3478268695650 
14.3481283422460 
14.3483792731830 
14.3485915492958 
14.3491124263550 
14.3494897959184 
14.3497757847534 
14.3499999000000 
14.3517711171660 
14.3518518518519 
14.3518554152000 
14.3529411764760 
14.3533123283910 
14.3536121673400 
14.3539973458200 
14.3543956439560 
14.3545317225400 
14.3546698564590 
14.3548387967740 
14.3552311435523 
14.3554687500000 
14.3555555555560 
14.3557422969188 
14.3564356435644 
14.3564935649400 
14.3571428571429 
14.3574297188755 
14.3576826196474 
14.3581818181000 
14.3586583940000 
14.3587719298200 
14.3589743589744 
14.3594984986000 
14.3595413223140 
14.3598615916955 
14.3611947619000 
14.3612244898000 
14.3614457831330 
14.3617212765960 
14.3629876923800 
14.3631284916200 
14.3631331592690 
14.3631436314363 
14.3633543726710 
14.3635838152900 
14.3636363636364 
14.3643317848410 
14.3643587719300 
14.3646488397790 
14.3646511627910 
14.3654485498300 
14.3656716417910 
14.3657936579400 
14.3661971839860 
14.3665158371410 
14.3668831168831 
14.3678169195400 
14.3678466767000 
14.3678867594900 
14.3685567139000 
14.3687776411960 
14.3688524591600 
14.3691588785470 
14.3695146627570 
14.3712296983760 
14.3712574852990 
14.3716577541700 
14.3719867632850 
14.3722891566260 
14.3724696356275 
14.3728222996516 
14.3732972724800 
14.3734643734644 
14.3738868515300 
14.3743315582000 
14.3750000000000 
14.3754631828980 
14.3759398496200 
14.3764434181390 
14.3765933788800 
14.3767753824360 
14.3769237692300 
14.3769968511180 
14.3772893772894 
14.3774829931970 
14.3776824343350 
14.3778741575000 
14.3779342723500 
14.3782383419689 
14.3785488958990 
14.3786127167630 
14.3794749433410 
14.3796992481230 
14.3798496732300 
14.3799472295515 
14.3812793100000 
14.3816796116500 
14.3817243175000 
14.3817616289000 
14.3822393822394 
14.3825312481900 
14.3827164938270 
14.3835616438356 
14.3844221155280 
14.3846153846150 
14.3846153846154 
14.3847457627100 
14.3849263492600 
14.3851581265000 
14.3853973451300 
14.3854748633520 
14.3859649122870 
14.3861892583120 
14.3867924528320 
14.3868167225700 
14.3874643874644 
14.3877551248000 
14.3882833333300 
14.3884892863310 
14.3895348837290 
14.3896752411580 
14.3899242443200 
14.3911439114391 
14.3914473684211 
14.3916913946588 
14.3918918918919 
14.3921526315800 
14.3924392439000 
14.3925955334990 
14.3939393900000 
14.3939393939394 
14.3948866995100 
14.3957345971564 
14.3958868894620 
14.3962848297214 
14.3965517241379 
14.3966741573300 
14.3968871595331 
14.3973214285714 
14.3975632521000 
14.3975936144580 
14.3976439764300 
14.3979575916230 
14.3982882292300 
14.3985572463800 
14.3987341772152 
14.3992932862191 
14.3995983921600 
14.4000000000000 
14.4112756892230 
14.4114613185000 
14.4117647588240 
14.4118766756300 
14.4125683619000 
14.4128113879400 
14.4129449838190 
14.4132653612240 
14.4136878175900 
14.4138755988610 
14.4144144144144 
14.4148349345000 
14.4149377593400 
14.4149625935160 
14.4153225864520 
14.4154178272980 
14.4155844155844 
14.4165839416600 
14.4166666666667 
14.4171779141140 
14.4176136363636 
14.4179894179894 
14.4182825477700 
14.4183168316832 
14.4186465116280 
14.4194756554370 
14.4195894110000 
14.4197952218430 
14.4198713692950 
14.4199475656200 
14.4217391343500 
14.4227792278000 
14.4228985572500 
14.4237692376900 
14.4248517522200 
14.4254278728660 
14.4255319148940 
14.4255874673629 
14.4257738123200 
14.4259818731118 
14.4262295819670 
14.4262695924800 
14.4265232974910 
14.4265491183880 
14.4268774735570 
14.4273127753340 
14.4275793457900 
14.4278669651740 
14.4281344496000 
14.4281914893617 
14.4282115869200 
14.4283782559000 
14.4284361896000 
14.4285714285714 
14.4291234567900 
14.4295321342300 
14.4298574626900 
14.4299287419260 
14.4314758823500 
14.4314868846650 
14.4318181818182 
14.4321766561514 
14.4323671497585 
14.4329218170000 
14.4329876543200 
14.4329896972160 
14.4337165745860 
14.4337974683540 
14.4339622641590 
14.4341813856810 
14.4345238952380 
14.4348894348894 
14.4351464435146 
14.4354838796770 
14.4355329949240 
14.4356955385770 
14.4358353519000 
14.4366197183990 
14.4375000000000 
14.4376899696490 
14.4379844961240 
14.4382471195200 
14.4385267379680 
14.4389438943100 
14.4389438943894 
14.4391481145580 
14.4396551724138 
14.4397359933800 
14.4411764758800 
14.4414168937330 
14.4417475728155 
14.4422317569720 
14.4423562341000 
14.4425675675676 
14.4428152492669 
14.4428944289000 
14.4431554524362 
14.4435181347200 
14.4443213296400 
14.4443321299640 
14.4444444444444 
14.4457547169811 
14.4459129237500 
14.4461778443110 
14.4463667826900 
14.4467213114754 
14.4472361894500 
14.4475926798870 
14.4476194761900 
14.4484412472400 
14.4485194851900 
14.4486692152900 
14.4489247311828 
14.4494382224700 
14.4495412844370 
14.4499378881990 
14.4512195121951 
14.4512787723790 
14.4514767932489 
14.4518272425249 
14.4522144522145 
14.4524469665000 
14.4525479452500 
14.4531250000000 
14.4535469929100 
14.4542772861357 
14.4545454545455 
14.4548784878000 
14.4549429284000 
14.4549763331750 
14.4553726256980 
14.4557823129252 
14.4562334217570 
14.4565217391340 
14.4568475452200 
14.4568699584700 
14.4569892473120 
14.4577777700000 
14.4578313253120 
14.4584795321600 
14.4586752231000 
14.4586894586895 
14.4589552238860 
14.4593639575970 
14.4594594594595 
14.4599331358890 
14.4613583138173 
14.4615384615385 
14.4615424164520 
14.4618834871700 
14.4622932325600 
14.4628991735540 
14.4629629629600 
14.4633578534300 
14.4636153256710 
14.4638439925000 
14.4639175257730 
14.4642857142857 
14.4648829431438 
14.4654885314000 
14.4658753791990 
14.4662921348315 
14.4666666666667 
14.4673123486683 
14.4675761421000 
14.4675925925926 
14.4677966116900 
14.4678431372550 
14.4682274247490 
14.4685393779000 
14.4688516383000 
14.4688644688645 
14.4691788219180 
14.4694533762580 
14.4696969696970 
14.4699144114600 
14.4718695652200 
14.4728423772610 
14.4729729730000 
14.4736842152630 
14.4744334975370 
14.4758823529410 
14.4761947619000 
14.4767441864650 
14.4768856447689 
14.4772117962466 
14.4774112994350 
14.4774816326500 
14.4776119429850 
14.4778481126580 
14.4781144781145 
14.4784172661870 
14.4787644787645 
14.4789473684210 
14.4791666666667 
14.4796389498000 
14.4799543735220 
14.4812681152740 
14.4816513761470 
14.4817731773200 
14.4819819820000 
14.4822647249200 
14.4827586268970 
14.4831737692310 
14.4833836858100 
14.4833948339483 
14.4836272432000 
14.4839694656490 
14.4841269841270 
14.4846796657382 
14.4849785477250 
14.4851948519500 
14.4852941176471 
14.4859813841120 
14.4865525672372 
14.4867256637170 
14.4867549668874 
14.4871794871795 
14.4876325883390 
14.4878761994610 
14.4886363636364 
14.4886699573900 
14.4887431693990 
14.4893111638955 
14.4894894894895 
14.4897959183673 
14.4899135446690 
14.4899688473500 
14.4911544247790 
14.4914491400000 
14.4915254237288 
14.4917582417582 
14.4921658986200 
14.4922192173000 
14.4927536231884 
14.4936788676000 
14.4938653674800 
14.4941634241245 
14.4944585987260 
14.4946885163800 
14.4949751243800 
14.4951146514700 
14.4953516431920 
14.4957983193277 
14.4958677685950 
14.4963144963145 
14.4965277777778 
14.4972222222220 
14.4974142118300 
14.4974226841240 
14.4977168949772 
14.4981412639450 
14.4984326188900 
14.4986161879900 
14.4986449864499 
14.4988668257760 
14.5000000000000 
14.5114194637000 
14.5114942528736 
14.5116928740000 
14.5118733592350 
14.5121951219512 
14.5127118644680 
14.5131233595800 
14.5131861423220 
14.5131926121400 
14.5134228187919 
14.5136778115520 
14.5138888888889 
14.5142189478700 
14.5146649616370 
14.5148951489500 
14.5151574181000 
14.5152224824360 
14.5152512563000 
14.5161293225810 
14.5172413793100 
14.5177935943600 
14.5182291666667 
14.5184135977337 
14.5186335437270 
14.5187228915660 
14.5189343642600 
14.5191873589160 
14.5192376923800 
14.5194895190000 
14.5196565521800 
14.5199632318500 
14.5214521452145 
14.5216452164500 
14.5222222000000 
14.5225464199810 
14.5225882352940 
14.5228215767635 
14.5228758169930 
14.5231213872832 
14.5235629420000 
14.5238952389500 
14.5242718446600 
14.5244215938330 
14.5246478873239 
14.5251396648450 
14.5254794525500 
14.5256916996470 
14.5259938837920 
14.5261845386534 
14.5272727270000 
14.5276243939200 
14.5278453631960 
14.5279531559000 
14.5282359882100 
14.5283188679250 
14.5287958115183 
14.5292277922800 
14.5294117647590 
14.5295883832300 
14.5299145299145 
14.5312500000000 
14.5316844771300 
14.5321974433500 
14.5325128251000 
14.5325232523300 
14.5325443786980 
14.5328719723183 
14.5331325312500 
14.5333333333333 
14.5334928229665 
14.5345685279190 
14.5348837293200 
14.5363485213300 
14.5365168539326 
14.5367231638420 
14.5367412145750 
14.5368592577600 
14.5373737370000 
14.5374449339270 
14.5377128953771 
14.5381679389310 
14.5384347826900 
14.5384615384615 
14.5387596899200 
14.5394736842150 
14.5397489539749 
14.5397921986000 
14.5415472779370 
14.5418326693227 
14.5424836613700 
14.5427927928000 
14.5429362888860 
14.5432692376920 
14.5437262357414 
14.5437317784260 
14.5442359249330 
14.5442515723270 
14.5443925233645 
14.5444145777000 
14.5454545410000 
14.5454545454545 
14.5459347181000 
14.5465994962217 
14.5467836257310 
14.5471698113210 
14.5472636815920 
14.5473832752610 
14.5474137931340 
14.5476772616137 
14.5481632653600 
14.5482259887100 
14.5484949832776 
14.5486935866983 
14.5491832786890 
14.5498392282958 
14.5511945392490 
14.5512825128210 
14.5518359133130 
14.5522388597100 
14.5523923445000 
14.5526455264600 
14.5529953917500 
14.5531496618400 
14.5533141213750 
14.5534759358290 
14.5535714285714 
14.5539961328600 
14.5543175487465 
14.5547945254790 
14.5552566469000 
14.5555555555556 
14.5559215263160 
14.5561357723500 
14.5569622531650 
14.5577395577396 
14.5578125000000 
14.5579268292683 
14.5579399141630 
14.5582329317269 
14.5584725536993 
14.5588235294118 
14.5593869731810 
14.5596599991000 
14.5611721276600 
14.5614358771900 
14.5617283956200 
14.5618556713100 
14.5622489640000 
14.5622489959840 
14.5622895622896 
14.5625000000000 
14.5631679611650 
14.5632911392400 
14.5636792452830 
14.5638629283489 
14.5642218348620 
14.5643956439600 
14.5645645645646 
14.5652173913430 
14.5658263353220 
14.5661157247930 
14.5663773584900 
14.5663956639566 
14.5669291338583 
14.5674325445300 
14.5676691729323 
14.5679123456790 
14.5683453237410 
14.5687645687646 
14.5689655172414 
14.5693951779400 
14.5695364238411 
14.5714285714286 
14.5715917159800 
14.5718232441990 
14.5721925133690 
14.5723957239100 
14.5725388613600 
14.5728643216800 
14.5729927730000 
14.5731773177300 
14.5734597156398 
14.5739913139100 
14.5742253521100 
14.5744688516400 
14.5748987854251 
14.5752895752896 
14.5755214723930 
14.5756457564576 
14.5757987224000 
14.5759717314488 
14.5762711864470 
14.5763694267500 
14.5765472312740 
14.5768257837000 
14.5772594752187 
14.5773927492450 
14.5774647887324 
14.5775759878400 
14.5776566757493 
14.5777227254000 
14.5778364116950 
14.5781637717122 
14.5783132531200 
14.5784543325527 
14.5785115895000 
14.5797114492800 
14.5817174515240 
14.5819672131150 
14.5833333333333 
14.5835543766580 
14.5839328537170 
14.5852417328000 
14.5867976615000 
14.5882352941176 
14.5882352941180 
14.5883777239790 
14.5885286783420 
14.5886889461540 
14.5888594164456 
14.5892351274788 
14.5892857142860 
14.5894195894000 
14.5894428152493 
14.5895691699800 
14.5896656534954 
14.5899536277600 
14.5914396887160 
14.5916393442620 
14.5917866914500 
14.5918367346939 
14.5922746781116 
14.5927618995500 
14.5933143546700 
14.5935965911330 
14.5939862944160 
14.5942483769630 
14.5944368668000 
14.5945945945946 
14.5949726739100 
14.5953678474110 
14.5953757225434 
14.5958838323350 
14.5962732919255 
14.5967741935484 
14.5973154362416 
14.5974733969000 
14.5979297921000 
14.5981874744900 
14.5983921568600 
14.5985414598540 
14.5989974937343 
14.5992366412214 
14.5994832413440 
14.6000000000000 
14.6112653619300 
14.6113961139600 
14.6114864864865 
14.6118721461187 
14.6121883656510 
14.6126765633800 
14.6131851575930 
14.6135265748300 
14.6138961389600 
14.6139758823530 
14.6142433234421 
14.6144278669650 
14.6153846153846 
14.6164211642100 
14.6166134185340 
14.6169354838710 
14.6174863387978 
14.6176991154400 
14.6179419933550 
14.6181384248210 
14.6186446779660 
14.6191646191646 
14.6193771626298 
14.6198834935700 
14.6212121212121 
14.6214992167100 
14.6225316455700 
14.6226415943400 
14.6237864776700 
14.6239554317549 
14.6241836535900 
14.6244648318400 
14.6245592885380 
14.6249638550000 
14.6250000000000 
14.6253571428570 
14.6253623547500 
14.6258534136100 
14.6262886597938 
14.6265561659750 
14.6268656716418 
14.6276595744681 
14.6282973621130 
14.6283738317800 
14.6284829721362 
14.6288296698700 
14.6291287912900 
14.6293862815880 
14.6296296296296 
14.6313364553000 
14.6314325699750 
14.6317463174600 
14.6317829457364 
14.6321723411400 
14.6322583859000 
14.6323529411765 
14.6325459317585 
14.6327142189000 
14.6336538461540 
14.6341463414634 
14.6356783919598 
14.6358543417367 
14.6363636363636 
14.6367521367521 
14.6367594936710 
14.6368181818180 
14.6372341924000 
14.6373569948190 
14.6376811594230 
14.6381578947368 
14.6385542168675 
14.6387832699620 
14.6393743315510 
14.6396396396000 
14.6396396396396 
14.6414342629482 
14.6417445482866 
14.6419437341530 
14.6419851116630 
14.6428571428571 
14.6437994722955 
14.6441294498380 
14.6441958941000 
14.6443514644351 
14.6446784313730 
14.6449741421200 
14.6455223885970 
14.6457765667575 
14.6459183673470 
14.6464646464646 
14.6472392638370 
14.6475779251100 
14.6475882352940 
14.6478873239437 
14.6481996563600 
14.6484375000000 
14.6488397796000 
14.6489141162230 
14.6491228717500 
14.6496815286624 
14.6511627969770 
14.6514577259480 
14.6514657985000 
14.6516393442623 
14.6521465214700 
14.6523178879470 
14.6525679758380 
14.6526315789470 
14.6527777777778 
14.6529562982500 
14.6531147846900 
14.6551724137931 
14.6553763448600 
14.6559641873000 
14.6572141891300 
14.6573476725100 
14.6573646914000 
14.6575342465753 
14.6577389523810 
14.6579845626100 
14.6582733812950 
14.6586345381526 
14.6587281795510 
14.6593673965937 
14.6596858638743 
14.6597826869600 
14.6599999900000 
14.6611694915250 
14.6616541353383 
14.6619385342790 
14.6621621621622 
14.6624472573840 
14.6627565982450 
14.6633966339100 
14.6634615384615 
14.6643195463600 
14.6648268733850 
14.6648446927370 
14.6649382716500 
14.6649616368290 
14.6653543378700 
14.6656534954470 
14.6656657223800 
14.6658415841584 
14.6659225512500 
14.6666666666667 
14.6666666666670 
14.6674157333700 
14.6674584323400 
14.6676357835000 
14.6678966789668 
14.6683673469388 
14.6685236768800 
14.6687697168830 
14.6694214876330 
14.6699266536670 
14.6713615234740 
14.6713888888890 
14.6715263157890 
14.6718146718147 
14.6721311475410 
14.6723646723647 
14.6725448645000 
14.6727828746180 
14.6739134347830 
14.6752411575560 
14.6753246753247 
14.6755162241888 
14.6755393586000 
14.6755813953490 
14.6757679188870 
14.6761133632390 
14.6765868263470 
14.6766169154229 
14.6769662921348 
14.6774193548387 
14.6778429594270 
14.6779661169500 
14.6782841823560 
14.6783333300000 
14.6784313725490 
14.6788998256880 
14.6794871794872 
14.6797153249110 
14.6812853691300 
14.6813584229000 
14.6814444321330 
14.6816377358490 
14.6823255813950 
14.6825396825397 
14.6835443379750 
14.6837349397590 
14.6841486988850 
14.6843361345000 
14.6843373493980 
14.6844164638800 
14.6844661941750 
14.6848137535817 
14.6853146853147 
14.6857923497268 
14.6858968589700 
14.6864686468647 
14.6866847317000 
14.6869865478500 
14.6875000000000 
14.6876951200000 
14.6881955992000 
14.6882494479600 
14.6882591931200 
14.6884272997330 
14.6885163829800 
14.6887159533740 
14.6892655367232 
14.6897812189780 
14.6913582469140 
14.6915584415584 
14.6919431279621 
14.6923769237700 
14.6926469264100 
14.6926954177900 
14.6929824561440 
14.6935933147632 
14.6937500000000 
14.6938775512400 
14.6941489361720 
14.6946564885496 
14.6951219512195 
14.6953451792100 
14.6953497942400 
14.6957178841310 
14.6959459459459 
14.6964856233200 
14.6969696969697 
14.6972164948450 
14.6974634576000 
14.6976744186500 
14.6978219782200 
14.6981627296588 
14.6984924623116 
14.6987951872290 
14.6995781545600 
14.6997474741000 
14.7000000000000 
14.7111913357410 
14.7114492753620 
14.7115384615385 
14.7119341563786 
14.7123893853100 
14.7125786163520 
14.7129186628710 
14.7132169576600 
14.7135416666667 
14.7136585365850 
14.7138251366100 
14.7138964577657 
14.7142857142857 
14.7142857142860 
14.7147147147147 
14.7149253731340 
14.7151898734177 
14.7157196354520 
14.7161932475900 
14.7163125673760 
14.7167487684729 
14.7169811327550 
14.7172236538560 
14.7174545454500 
14.7177419354839 
14.7183985915490 
14.7185628742510 
14.7186147186147 
14.7188435374150 
14.7189349112426 
14.7189718972000 
14.7196261682243 
14.7212543554700 
14.7214854111460 
14.7219464721900 
14.7222222222222 
14.7223325623000 
14.7232744252000 
14.7233215812800 
14.7233269978000 
14.7235576923770 
14.7238952381000 
14.7239263836810 
14.7239473684210 
14.7243177694240 
14.7245762711864 
14.7249199385110 
14.7251389524000 
14.7262739726300 
14.7268485516900 
14.7271149425290 
14.7272538861000 
14.7272727272727 
14.7277227722772 
14.7281218274110 
14.7284768211920 
14.7286821754260 
14.7289667673720 
14.7292993635730 
14.7297297297297 
14.7315134474330 
14.7321428571429 
14.7322654462240 
14.7329456431500 
14.7333333333333 
14.7335423197492 
14.7338434182500 
14.7342657342660 
14.7342995169820 
14.7346368715840 
14.7351758794000 
14.7355163727960 
14.7357723577236 
14.7359933774830 
14.7363424275500 
14.7363973639700 
14.7367381231700 
14.7368421526320 
14.7374531835200 
14.7374716764400 
14.7376543298770 
14.7379912663755 
14.7382921119300 
14.7387818696880 
14.7388597149300 
14.7394136878180 
14.7398843936360 
14.7413585657370 
14.7413793134480 
14.7416413373860 
14.7418478268700 
14.7421474214700 
14.7425974259700 
14.7435897435897 
14.7451456316800 
14.7453831992000 
14.7455128534700 
14.7455898235900 
14.7456637735800 
14.7457627118644 
14.7465437788180 
14.7468354433800 
14.7469375000000 
14.7471911123600 
14.7474747410000 
14.7476346946000 
14.7482143884890 
14.7483149663000 
14.7483917870000 
14.7486772486772 
14.7489539748954 
14.7492625368732 
14.7500000000000 
14.7511848341232 
14.7515527953110 
14.7519582245431 
14.7522522522523 
14.7526517667840 
14.7529697674420 
14.7537688442200 
14.7538641975310 
14.7549836655700 
14.7551546391753 
14.7553516819572 
14.7556399774440 
14.7563252180000 
14.7564469914400 
14.7567241287000 
14.7569252775600 
14.7569444444444 
14.7569756975600 
14.7574123989218 
14.7577925111300 
14.7582697211800 
14.7586451612900 
14.7588235294120 
14.7593614457830 
14.7595785446100 
14.7598875649700 
14.7613653266330 
14.7614761476000 
14.7619215176000 
14.7619476194800 
14.7624633431900 
14.7626112759644 
14.7629313448280 
14.7632311977716 
14.7637795275591 
14.7642679974400 
14.7644927536232 
14.7651671149000 
14.7656250000000 
14.7657657657660 
14.7663829787230 
14.7664835164835 
14.7668187134500 
14.7668393782383 
14.7671568627451 
14.7674418646510 
14.7679324894515 
14.7683397683398 
14.7686282723000 
14.7686832742140 
14.7689768976898 
14.7692376923100 
14.7692376923800 
14.7694524495677 
14.7696476964770 
14.7698297186700 
14.7699757869249 
14.7712837383000 
14.7727272727273 
14.7742253521000 
14.7754137115839 
14.7755619725690 
14.7757255936675 
14.7759136414570 
14.7761194298510 
14.7763578274760 
14.7766323245500 
14.7766992912600 
14.7769516728625 
14.7773279352227 
14.7777777777778 
14.7782111673000 
14.7783251231527 
14.7786458333333 
14.7794117647590 
14.7795524861900 
14.7798742138365 
14.7812189781200 
14.7814912577000 
14.7817463174600 
14.7821634877380 
14.7826869565220 
14.7828282828280 
14.7832817337461 
14.7836538461538 
14.7842639593990 
14.7845315614620 
14.7845454540000 
14.7849462365591 
14.7849829351540 
14.7857142857143 
14.7859922178988 
14.7862232779970 
14.7865853658537 
14.7869674185464 
14.7872344255320 
14.7875816993464 
14.7877984848810 
14.7887323943662 
14.7894736842110 
14.7896396396000 
14.7897897897898 
14.7916666666667 
14.7921763911980 
14.7921985816000 
14.7923875432526 
14.7928994828400 
14.7932816537468 
14.7935779816514 
14.7942238267150 
14.7943379746840 
14.7944399273600 
14.7945254794520 
14.7946859933820 
14.7947496367000 
14.7957591623400 
14.7959183673469 
14.7959595959600 
14.7967329673000 
14.7971363818620 
14.7972972972973 
14.7975778816200 
14.7976253298150 
14.7976335877900 
14.7977941176471 
14.7982627826900 
14.7984886649874 
14.7988557471260 
14.7993311367890 
14.7994475138120 
14.7996677749000 
14.7999678456590 
14.8000000000000 
14.8112658227850 
14.8113275471700 
14.8114558472550 
14.8116438356164 
14.8119122257530 
14.8121387283237 
14.8123324396783 
14.8125000000000 
14.8132531248000 
14.8142654284400 
14.8144443321300 
14.8148148148148 
14.8163265361200 
14.8169971671390 
14.8172323759791 
14.8174157333710 
14.8176291793313 
14.8177317731700 
14.8178879472000 
14.8181818181818 
14.8185483879680 
14.8188585679400 
14.8192436974790 
14.8192771843370 
14.8194524886900 
14.8195876288660 
14.8199445983379 
14.8214285714286 
14.8218829516539 
14.8221343873518 
14.8224437158470 
14.8227848112700 
14.8235928143710 
14.8237179487179 
14.8238849557500 
14.8241263151000 
14.8245614358800 
14.8247978436658 
14.8255813953488 
14.8263157894740 
14.8263272952850 
14.8264984227129 
14.8268398268398 
14.8268733851300 
14.8271276595745 
14.8275862689660 
14.8284313725490 
14.8284695537500 
14.8288229226400 
14.8288973384300 
14.8291925465839 
14.8293963254593 
14.8296943231440 
14.8316621761660 
14.8318428134560 
14.8325358851675 
14.8328698779900 
14.8328955223880 
14.8333333333330 
14.8333333333333 
14.8337595979280 
14.8342489626560 
14.8343373493976 
14.8343983439800 
14.8351648351648 
14.8355795148250 
14.8358474576300 
14.8358585858586 
14.8362537764350 
14.8364485981380 
14.8366557377500 
14.8367952522255 
14.8371472398000 
14.8373983739837 
14.8379523697700 
14.8381294964290 
14.8387967741940 
14.8391812865497 
14.8392156862750 
14.8395721925134 
14.8399147783250 
14.8412698412698 
14.8414985597780 
14.8416886543536 
14.8418264841800 
14.8418491484185 
14.8428954424000 
14.8437500000000 
14.8446927374300 
14.8456577126000 
14.8457422535000 
14.8457583547558 
14.8459383753510 
14.8459771149000 
14.8461538461538 
14.8463745199200 
14.8464163822526 
14.8467432951920 
14.8471615725240 
14.8477157364600 
14.8484848484848 
14.8486629834250 
14.8489932885960 
14.8496246154000 
14.8496453971000 
14.8498939929330 
14.8513623978200 
14.8514851485149 
14.8519485194800 
14.8521553763440 
14.8523985239852 
14.8529411764760 
14.8533733496300 
14.8535564853556 
14.8536585365850 
14.8538961389610 
14.8541114583550 
14.8542735427400 
14.8554572271390 
14.8557246376810 
14.8562331948900 
14.8562942484000 
14.8565573774920 
14.8568199379000 
14.8571428571429 
14.8574626865670 
14.8576512455516 
14.8578811369590 
14.8582524271840 
14.8582895522400 
14.8584956637700 
14.8591549295775 
14.8594377514000 
14.8596938775510 
14.8611111111111 
14.8613496932500 
14.8613986139900 
14.8614695717880 
14.8617511527370 
14.8622472449400 
14.8625429553265 
14.8626896552000 
14.8628487848800 
14.8629441624370 
14.8631369863100 
14.8631847962000 
14.8648648648649 
14.8654761947600 
14.8665485436890 
14.8666666666667 
14.8668111455110 
14.8668639532540 
14.8668736515000 
14.8671963455150 
14.8674242424242 
14.8678414969160 
14.8681551558750 
14.8684215263160 
14.8686695278970 
14.8688466472300 
14.8692814575160 
14.8698884758364 
14.8712987129900 
14.8713826366559 
14.8716253443530 
14.8717948717949 
14.8722627737226 
14.8725212464589 
14.8731587316000 
14.8734177215190 
14.8743167597770 
14.8745519713262 
14.8750000000000 
14.8753894899700 
14.8763357851200 
14.8765432987650 
14.8767656338300 
14.8768965517240 
14.8769237692300 
14.8773613496900 
14.8775981524250 
14.8777173913430 
14.8784878487800 
14.8785425112150 
14.8788927335640 
14.8791547854980 
14.8793565683646 
14.8794788273620 
14.8795187228920 
14.8815347721820 
14.8825652741510 
14.8826979472141 
14.8829431438127 
14.8832684824930 
14.8836236933800 
14.8837293232600 
14.8839779552000 
14.8842618556700 
14.8843936358380 
14.8848684215260 
14.8854961832610 
14.8863636363636 
14.8863988639900 
14.8867313915858 
14.8869346733668 
14.8872916786600 
14.8876444943820 
14.8883374689826 
14.8885353184710 
14.8888888888889 
14.8891719745220 
14.8891966759300 
14.8895238952400 
14.8897588235290 
14.8898358475000 
14.8913434782610 
14.8914116222760 
14.8916967592500 
14.8919753864200 
14.8921832884970 
14.8923444976770 
14.8928213166140 
14.8934779378000 
14.8936172127660 
14.8938416422290 
14.8951312335960 
14.8952958838300 
14.8954738327530 
14.8958333333333 
14.8959537572250 
14.8963735699480 
14.8967551622419 
14.8971382513700 
14.8972627397260 
14.8976982971870 
14.8977556197300 
14.8978268695700 
14.8979591836735 
14.8982558139535 
14.8989898989899 
14.8995248756000 
14.8997134674870 
14.9000000000000 
14.9111617312100 
14.9111675126940 
14.9112994352800 
14.9122871754400 
14.9125769490000 
14.9131391345300 
14.9133663366337 
14.9135446685879 
14.9137931344830 
14.9141639128800 
14.9144254278729 
14.9147727272727 
14.9147783251230 
14.9152542372881 
14.9154589371981 
14.9159663865546 
14.9164677842960 
14.9166666666667 
14.9171277182320 
14.9171428571430 
14.9176954732510 
14.9182561379200 
14.9183278688520 
14.9193548387970 
14.9196784313700 
14.9197922848660 
14.9198113275500 
14.9214659685864 
14.9214921492000 
14.9218750000000 
14.9224862155000 
14.9228132932000 
14.9234693877551 
14.9235668789810 
14.9237692376900 
14.9239543726236 
14.9242424242424 
14.9242443183000 
14.9244332493730 
14.9249376558600 
14.9253731343284 
14.9256963788300 
14.9262899262899 
14.9263492634900 
14.9264758823530 
14.9266492664100 
14.9267399267399 
14.9267639926800 
14.9271844661940 
14.9275362318841 
14.9285714285714 
14.9285755395680 
14.9287925696600 
14.9289995266600 
14.9293286219810 
14.9294861668000 
14.9295774647887 
14.9313725492000 
14.9315684931510 
14.9317461433450 
14.9321266968326 
14.9324324324324 
14.9328859643000 
14.9333333333333 
14.9336283185841 
14.9339933993399 
14.9342152631580 
14.9348441926350 
14.9355555555560 
14.9356493564900 
14.9358974358974 
14.9361223642170 
14.9364467796610 
14.9367886759500 
14.9371691823900 
14.9375000000000 
14.9377593369960 
14.9382716493830 
14.9384615384620 
14.9388495356000 
14.9392439243900 
14.9395973154360 
14.9397593614460 
14.9399399399399 
14.9414625000000 
14.9416996299100 
14.9423943824700 
14.9425287356322 
14.9433427762400 
14.9436922556400 
14.9438775512000 
14.9441347821230 
14.9446494464945 
14.9449358126720 
14.9456521739130 
14.9463869759000 
14.9465257613000 
14.9466192178190 
14.9475524475524 
14.9477867885120 
14.9478994789900 
14.9482842366900 
14.9484536824740 
14.9491941475830 
14.9493243243243 
14.9495548961420 
14.9497487437186 
14.9512761288000 
14.9514951495000 
14.9515738498789 
14.9516611295680 
14.9517684887460 
14.9521531147800 
14.9525316455696 
14.9532712837400 
14.9536277625200 
14.9537228436700 
14.9539877361300 
14.9543378995434 
14.9546827794562 
14.9553571428571 
14.9561173253000 
14.9563318777293 
14.9566377358500 
14.9566473988439 
14.9572649572650 
14.9574468851100 
14.9578651685393 
14.9581589958159 
14.9584487534626 
14.9591639344260 
14.9595687331536 
14.9598392156900 
14.9598393574297 
14.9611398963731 
14.9613286385000 
14.9613899613900 
14.9616368286445 
14.9616382978700 
14.9621212121212 
14.9625935162950 
14.9628252788140 
14.9635364963500 
14.9635418719210 
14.9638554216870 
14.9639423769230 
14.9641577693200 
14.9641711229950 
14.9647887323944 
14.9653979238754 
14.9657328722700 
14.9659863945578 
14.9661835748800 
14.9662251655600 
14.9662992125980 
14.9665551839465 
14.9671526315790 
14.9676375445310 
14.9681528662420 
14.9683229813660 
14.9686523761760 
14.9691358246910 
14.9691629955950 
14.9696486322190 
14.9713467487110 
14.9717514124294 
14.9721448467967 
14.9722222222220 
14.9725274725275 
14.9728997289973 
14.9732623285600 
14.9736147757256 
14.9739583333333 
14.9742935912600 
14.9746192893410 
14.9747474740000 
14.9749373433584 
14.9751474926300 
14.9752475247525 
14.9755512224940 
14.9758454162800 
14.9759882395000 
14.9764159433960 
14.9765171539600 
14.9769585253456 
14.9774436923000 
14.9774774774775 
14.9779735682819 
14.9784482758621 
14.9789295358650 
14.9793232558100 
14.9793388429752 
14.9797578522000 
14.9812734823970 
14.9815873158700 
14.9816176475880 
14.9817351598170 
14.9819494584838 
14.9822695354610 
14.9825688733900 
14.9825783972125 
14.9828767123288 
14.9831649831650 
14.9834437869300 
14.9836655737700 
14.9837133554890 
14.9839743589744 
14.9842271293375 
14.9844724968940 
14.9847948122300 
14.9849397593610 
14.9851632474780 
14.9853811695910 
14.9854474781700 
14.9855977898000 
14.9857954545455 
14.9859943977591 
14.9861878453390 
14.9863762179840 
14.9865591397849 
14.9867374535000 
14.9869199476440 
14.9872448979592 
14.9874554156170 
14.9875621895470 
14.9877149877150 
14.9878133592000 
14.9878647766990 
14.9883729323000 
14.9885416666670 
14.9889592326100 
14.9891635344000 
14.9921671182800 
14.9952666357000 
14.9963855421690 
14.9999991000000 
14.9999999000000 
15.0000000000000 


































































































































































































































































































































































































































































































































































































































































































































































													
